Model_Check_Step = 100,000
========================================================
Starting [XBF]... 

probability= 2.2782483214690324e-15
size= 923330
time= 921.6576542854309
==================================================
probability= 4.2938660855519474e-15
size= 1023339
time= 1540.396092414856
==================================================
probability= 3.923789106642972e-14
size= 1123348
time= 2293.3541526794434
==================================================