Starting [Bounded DFS]... 

K = 100
diag_size = 306801
----
probability= 8.511582811412971e-26
size= 306801
time= 274.1288495063782
==================================================